kou2
488 171 209 249 242 
324 155 197 257 251 
98 186 181 206 209 
47 203 177 171 167 
26 231 210 148 146 
12 9 8 15 7 
kou2
126 240 207 238 263 
156 321 195 234 250 
241 190 191 211 187 
242 141 182 179 162 
216 85 181 166 145 
7 9 10 10 15 
kou2
125 165 125 219 232 
158 178 184 227 245 
199 189 306 188 203 
260 217 225 165 170 
246 218 193 173 139 
14 11 9 9 8 
kou2
128 201 235 64 233 
154 171 199 87 218 
207 188 182 210 205 
257 233 190 297 173 
241 237 193 302 144 
11 12 14 9 5 
kou2
118 195 216 224 36 
153 148 195 224 68 
227 209 171 181 184 
231 235 193 149 283 
281 242 212 180 394 
7 10 10 8 16 
